%YAML:1.0
---
depthShift: -4.5893718917603600e+01
