%YAML:1.0
---
cameraMatrix: !!opencv-matrix
   rows: 3
   cols: 3
   dt: d
   data: [ 3.5733043023277548e+02, 0., 2.5670316142393921e+02, 0.,
       3.6347620521488301e+02, 2.1369540294720645e+02, 0., 0., 1. ]
distortionCoefficients: !!opencv-matrix
   rows: 1
   cols: 5
   dt: d
   data: [ 8.7022903733764131e-02, -2.7407668652911865e-01,
       2.9159243182072989e-03, 2.0468292048431802e-03,
       1.4143775960360286e-01 ]
rotation: !!opencv-matrix
   rows: 3
   cols: 3
   dt: d
   data: [ 1., 0., 0., 0., 1., 0., 0., 0., 1. ]
projection: !!opencv-matrix
   rows: 4
   cols: 4
   dt: d
   data: [ 3.5733043023277548e+02, 0., 2.5670316142393921e+02, 0., 0.,
       3.6347620521488301e+02, 2.1369540294720645e+02, 0., 0., 0., 1.,
       0., 0., 0., 0., 1. ]
