%YAML:1.0
---
cameraMatrix: !!opencv-matrix
   rows: 3
   cols: 3
   dt: d
   data: [ 1.0453909258838473e+03, 0., 9.5208481954006618e+02, 0.,
       1.0626315553086863e+03, 5.7315099402614737e+02, 0., 0., 1. ]
distortionCoefficients: !!opencv-matrix
   rows: 1
   cols: 5
   dt: d
   data: [ 1.0646084380639911e-01, -1.5566520510885701e-01,
       4.1612378347819874e-03, -1.0725465454561346e-04,
       5.8380305939421819e-02 ]
rotation: !!opencv-matrix
   rows: 3
   cols: 3
   dt: d
   data: [ 1., 0., 0., 0., 1., 0., 0., 0., 1. ]
projection: !!opencv-matrix
   rows: 4
   cols: 4
   dt: d
   data: [ 1.0453909258838473e+03, 0., 9.5208481954006618e+02, 0., 0.,
       1.0626315553086863e+03, 5.7315099402614737e+02, 0., 0., 0., 1.,
       0., 0., 0., 0., 1. ]
