%YAML:1.0
---
rotation: !!opencv-matrix
   rows: 3
   cols: 3
   dt: d
   data: [ 9.9999564391305784e-01, -1.6402761788209422e-03,
       -2.4539048404260246e-03, 1.6413097787453931e-03,
       9.9999856516408392e-01, 4.1925169492113923e-04,
       2.4532136309071114e-03, -4.2327748663502948e-04,
       9.9999690128472418e-01 ]
translation: !!opencv-matrix
   rows: 3
   cols: 1
   dt: d
   data: [ -5.2373522098264805e-02, -5.5117714206216002e-04,
       1.3634572278631205e-03 ]
essential: !!opencv-matrix
   rows: 3
   cols: 3
   dt: d
   data: [ -3.5900109589441415e-06, -1.3632219706503372e-03,
       -5.5174706587486427e-04, 1.4919347268349721e-03,
       -2.4404979211682817e-05, 5.2370014013340661e-02,
       4.6521356711938863e-04, -5.2374351033590678e-02,
       -2.3310224165525774e-05 ]
fundamental: !!opencv-matrix
   rows: 3
   cols: 3
   dt: d
   data: [ -3.8012272577544734e-09, -1.4190204504085091e-06,
       9.5458352953377862e-05, 1.5540818955410617e-06,
       -2.4991742487966354e-08, 1.9099317058179920e-02,
       -3.7216149318138796e-04, -5.5627377830069741e-02, 1. ]
